
                           Estimate   Est.Error      l-95% CI      u-95% CI     Rhat    Bulk_ESS
Intercept              -9.631051356 0.425660040 -10.337902500 -8.5553717500 1.028816   101.78511
inertia                 0.011556383 0.025398375  -0.036524127  0.0695444325 1.014292  3367.81663
reciprocity             0.022965228 0.029415791  -0.025252167  0.0816849325 1.084810    30.85381
isp                    -0.002499316 0.036998251  -0.087729410  0.0688768250 1.027131   104.02649
osp                     0.028696460 0.053906085  -0.060521527  0.1596244750 1.073736 10843.17424
itp                     0.029614920 0.044136078  -0.032416890  0.1258181750 1.098632    25.56656
otp                    -0.008744199 0.036388823  -0.085083182  0.0657193450 1.049576    50.84387
indegreeSender          0.024737278 0.095643017  -0.169268050  0.2327289500 1.030252    95.29256
outdegreeReceiver      -0.091746409 0.109590208  -0.366965975  0.0487196550 1.010120  1133.85217
indegreeReceiver        0.267783782 0.169209935  -0.034250725  0.5523629250 1.037255    75.05734
outdegreeSender         0.196324911 0.132602843  -0.022640795  0.4414375750 1.047280  5107.09693
totaldegreeSender       0.097758275 0.146070062  -0.088406120  0.4418798750 1.123878  7668.54708
totaldegreeReceiver     0.114953491 0.206512986  -0.156083325  0.6203812250 1.028744   101.17517
recencyReceiveReceiver  0.125503194 0.344721152  -0.180933750  1.2609010000 1.068632    37.57234
recencyReceiveSender    3.406192883 1.192456883   0.275459250  5.6633700000 1.035480    81.45392
recencySendReceiver     6.318457544 1.491509761   3.547611500  9.5270635000 1.014862   408.74189
recencySendSender       0.362397161 0.595663196  -0.157432150  1.8692165000 1.063637    40.65370
psABAB                  1.040218932 0.702054045  -0.011386102  2.1907180000 1.087561    30.08077
psABAY                 -0.026757541 0.170508756  -0.457250475  0.2542411500 1.037980  8961.97817
psABBA                  2.622098749 0.773273857   0.995883075  4.1194805000 1.013295   934.05823
psABBY                 -0.044722914 0.223965090  -0.676957250  0.3103091750 1.014246  2225.71904
psABXA                 -0.517520241 0.562344103  -1.707395750  0.1137566250 1.032073   114.58351
psABXB                  0.245891445 0.337664175  -0.121363450  1.0444132500 1.089424  4298.78533
psABXY                 -0.168556338 0.311542208  -1.106148500  0.1355473250 1.018880   223.99673
send_age_group          0.011744486 0.046858586  -0.078463605  0.1264526750 1.042029  8936.55626
receive_age_group       0.025902266 0.059409494  -0.064244472  0.1793895000 1.060281    48.28830
send_gender             0.062948384 0.097629128  -0.068568867  0.3185595250 1.035253  9144.02321
receive_gender          0.002492863 0.068578417  -0.147473150  0.1616367500 1.151988 18904.85029
inertia:reciprocity    -0.003776419 0.001711249  -0.007064123 -0.0005564503 1.059582    45.22158
isp:osp                -0.003276855 0.013605080  -0.038419372  0.0194394150 1.011012  3443.95619
itp:otp                 0.008093256 0.015520885  -0.019063525  0.0439374175 1.033597    79.92149
                         Tail_ESS
Intercept               4123.4650
inertia                17061.0617
reciprocity              237.1773
isp                    15364.5935
osp                    14395.6988
itp                      109.9871
otp                    13412.4326
indegreeSender         12044.1888
outdegreeReceiver      13497.7217
indegreeReceiver        8327.6541
outdegreeSender         6288.5751
totaldegreeSender      10280.6285
totaldegreeReceiver     8988.6234
recencyReceiveReceiver  1265.9462
recencyReceiveSender    1151.5103
recencySendReceiver     4901.2749
recencySendSender        951.8827
psABAB                   925.6045
psABAY                  9722.9967
psABBA                  1976.7555
psABBY                  1162.8434
psABXA                  6386.3063
psABXB                 11200.8165
psABXY                  4862.8440
send_age_group         16397.9394
receive_age_group        312.1404
send_gender            13693.0324
receive_gender         17161.0864
inertia:reciprocity      721.8454
isp:osp                14072.5295
itp:otp                 8662.9105

